20260124000000
20260124004200
20260124031800
20260124070600
20260124121200
20260124121800
20260124133600
20260125013000
20260125014200
20260125023000
20260125041200
20260125074800
20260125124200
20260125124800
20260126011800
20260126024200
20260126034800
20260126064800
20260126090000
20260126090600
20260126203000
20260127070600
20260127080600
20260127093600
20260127121200
20260127152400
20260128002400
20260128063600
20260128091200
20260129073000
20260129084200
20260129115400
20260129133000
20260129140600
20260129163000
20260130015400
20260130061200
20260130174200
20260130181800
20260131034200
20260131042400
20260131080600
20260131093600
20260131094200
20260131123000
20260131131800
20260131182400
20260131204800
20260201011200
20260201033000
20260201042400
20260201043000
20260201061200
20260201075400
20260201110600
20260201120000
20260201133000
20260201155400
20260201192400
20260201201800
20260202002400
20260202013600
20260202054200
20260202070000
20260202114800
20260202123000
20260202130000
20260202133000
20260202143000
20260202153600
20260202181200
20260202224200
20260203014200
20260203023000
20260203075400
20260203124800
20260203134200
20260203150600
20260203170000
20260203231200
20260203233000
20260204061800
20260204064800
20260204070000
20260204093000
20260204132400
20260204141800
20260205015400
20260205060000
20260205135400
20260205141200
20260205190000
20260206013000
20260206074200
20260206091200
20260206100000
20260206145400
20260206180600
20260207001200
20260207010600
20260207024800
20260207081800
20260207082400
20260207131800
20260208014200
20260208051200
20260208063600
20260208080000
20260208084800
20260208100600
20260208111200
20260208140600
20260208151800
20260208152400
20260209030600
20260209044800
20260209233600
20260210000600
20260210001800
20260210011200
20260210024800
20260210041800
20260210055400
20260210100600
20260211000000
20260211005400
20260211031200
20260211092400
20260211102400
20260211120600
20260211154800
20260211200000
20260212003600
20260212040600
20260212083000
20260212085400
20260212230000
20260213004200
20260213054800
20260213101800
20260213130000
20260213132400
20260213234800
20260214015400
20260214044200
20260214102400
20260214153000
20260215020600
20260215023600
20260215041800
20260215091800
20260215142400
20260215181200
20260216015400
20260216073600
20260217051800
20260217074800
20260217100600
20260217111800
20260217134800
20260217234200
20260218004200
20260218021200
20260218034200
20260218065400
20260218073000
20260218162400
20260219015400
20260219024200
20260219045400
20260219054800
20260219081800
20260219084800
20260219093600
20260220002400
20260220025400
20260220050600
20260220054200
20260220060600
20260220071800
20260220114200
20260220130000
20260221000000
20260221025400
20260221043600
20260221105400
20260221111800
20260221124200
20260221181800
20260222004800
20260222030600
20260222034800
20260222070000
20260222160000
20260222231200
20260223002400
20260223060000
20260223065400
20260223083000
20260223133000
